set[0]
                     the
 -4.3306439146614684E-01  1.6218269848058525E-01 -2.2301217013924551E-01  1.9551678906812744E+00 -1.0212239863341255E+00 -1.3186795911082466E-01  6.4566668903456387E-02  1.9853006115498251E-01 -2.4973035959081233E-01
                     epi
 -2.1456685777203082E+00  5.6741126366877413E-02  2.4984904653080156E-01 -5.0573746079793818E+00  5.7914093509706781E+00 -5.8845290650038094E-02  2.4729468887090111E-03 -2.0450471406300444E-01  1.4737558978299212E+00
set[1]
                     the
  1.0212239864989685E+00 -6.4566668801496238E-02  2.2301217013127880E-01 -1.6218269813808806E-01  1.3186795994808109E-01  1.9551678903796064E+00  2.4973035884176781E-01  1.9853006067629320E-01  4.3306439282681475E-01
                     epi
  5.7914093479768418E+00  2.4729467008822300E-03  2.4984904522321749E-01  5.6741126011210369E-02 -5.8845291329723534E-02 -5.0573746087769438E+00  1.4737558862396161E+00 -2.0450471534441461E-01 -2.1456685842476659E+00
set[2]
                     the
 -1.6218269914006223E-01 -2.4973036090384312E-01  6.4566669144246289E-02 -1.9853006191959233E-01  1.0212239860321330E+00  1.9551678912237351E+00  1.3186795767717038E-01  2.2301217016492605E-01 -4.3306438907062950E-01
                     epi
  5.6741127061302521E-02  1.4737559191355150E+00  2.4729472236924271E-03 -2.0450471181210020E-01  5.7914093566541176E+00 -5.0573746065665039E+00 -5.8845289496023682E-02  2.4984904898652655E-01 -2.1456685658037267E+00
